
after retraining the parameters are
w0  0.105720724448
w  [-0.00039919  0.01608376  0.03035347  0.01290756  0.05312515  0.15887134
  0.02267963  0.03617127  0.08186617 -0.02446763  0.11650799  0.0121413
  0.02111923  0.15654718  0.0109459  -0.0506001   0.07229666  0.06398694
  0.00981228 -0.0201207  -0.01176678 -0.05647826 -0.03382154  0.02534816
  0.05242411  0.01178864 -0.02082784  0.01802898  0.08832164 -0.00688474
 -0.06683389  0.00220141  0.07158928 -0.00998629 -0.06456113 -0.04018647
 -0.03329252 -0.08199461 -0.03852807 -0.04455228 -0.0420453  -0.00382048
 -0.21711455 -0.08211564 -0.00247919  0.02724546  0.02489109 -0.04608706
  0.03292018 -0.09936085 -0.07256317 -0.05318881  0.06202186 -0.03173325
 -0.07233379  0.00984539 -0.02589944 -0.07307696  0.09056223  0.05856089
 -0.01847382 -0.04885932  0.00456147  0.01576207]
