For Logistic Regression by crossValidation Accuracy is  86.3063063063 %

accuracy after retraining all data is  88.7387387387%
the weights after training is  [[ -1.34693295e-01   2.95016036e-02  -1.42379140e-02  -3.48930440e-02
   -1.52217181e-02  -4.42212544e-02  -1.82674123e-01  -3.78298196e-02
   -6.30007348e-02  -9.39523892e-02   4.72307408e-03  -1.04525881e-01
   -1.67596878e-02  -2.59975589e-02  -1.92852432e-01  -3.45685864e-03
    5.14217586e-02  -5.28535920e-02  -7.52766694e-02   7.37422660e-03
    1.98994419e-02  -6.89265131e-03   9.68883208e-02   2.20082922e-02
   -5.21423842e-02  -6.08412098e-02  -1.92349015e-02   1.30316116e-02
   -3.17330368e-02  -8.94940252e-02   3.81283062e-03   1.01410064e-01
   -2.70688864e-02  -1.34839872e-01   2.18704999e-02   6.84437721e-02
    3.24198044e-02   1.67515348e-02   7.02219612e-02   4.06115529e-02
    5.79807551e-02   2.24190448e-02   1.40471238e-02   2.30941396e-01
    9.26106434e-02  -6.19529070e-03   9.13217085e-05  -1.40258620e-02
    9.32931714e-02  -1.19996489e-02   1.50596723e-01   8.91628888e-02
    7.42472890e-02  -6.32482144e-02   3.47387718e-02   8.47732301e-02
    3.01988102e-04   3.36763096e-02   7.03418737e-02  -1.12675658e-01
   -1.00865177e-01   4.32176059e-02   4.85711240e-02   5.77789904e-03
   -3.50403361e-02]]
